Center: 158 106
Mass: 0.000000
MofI: 0.000000
VDrag: 0.000000
WDrag: 0.000000
Point: -33.180000 -52.140000
Point: -60.830000 11.850000
Point: -151.680000 -30.810000
Point: -52.930000 -97.170000
