Center: 23 15
Mass: 0.000000
MofI: 0.000000
VDrag: 0.000000
WDrag: 0.000000
Point: 13.000000 -13.000000
Point: 1.800000 13.600000
Point: -13.800000 -10.000000
