Center: 123 97
Mass: 0.000000
MofI: 0.000000
VDrag: 0.000000
WDrag: 0.000000
Point: -4.920000 -29.520000
Point: -29.520000 -12.300000
Point: -83.640000 -99.630000
Point: -19.680000 -60.270000
