Center: 158 106
Mass: 0.000000
MofI: 0.000000
VDrag: 0.000000
WDrag: 0.000000
Point: 153.260000 -45.820000
Point: 56.090000 -70.310000
Point: 29.230000 -94.800000
Point: 57.670000 -103.490000
