Center: 16 12
Mass: 0.000000
MofI: 0.000000
VDrag: 0.000000
WDrag: 0.000000
Point: 11.200000 1.200000
Point: 6.400000 12.800000
Point: -12.600000 0.600000
Point: -4.400000 -9.400000
