Center: 123 97
Mass: 0.000000
MofI: 0.000000
VDrag: 0.000000
WDrag: 0.000000
Point: 117.465000 19.065000
Point: 21.525000 -2.460000
Point: -3.075000 -25.830000
Point: 18.450000 -38.130000
