Center: 123 97
Mass: 0.000000
MofI: 0.000000
VDrag: 0.000000
WDrag: 0.000000
Point: -42.435000 -21.525000
Point: -67.035000 13.530000
Point: -106.395000 30.135000
Point: -63.345000 -33.210000
