Center: 124 97
Mass: 0.000000
MofI: 0.000000
VDrag: 0.000000
WDrag: 0.000000
Point: 95.325000 98.400000
Point: 2.460000 63.345000
Point: -28.290000 23.985000
Point: -3.075000 1.230000
