Center: 158 106
Mass: 0.000000
MofI: 0.000000
VDrag: 0.000000
WDrag: 0.000000
Point: 84.530000 107.440000
Point: 6.320000 74.260000
Point: -33.180000 32.390000
Point: -19.750000 2.370000
Point: 33.180000 4.740000
