Center: 711 711
Mass: 0.000000
MofI: 0.000000
VDrag: 0.000000
WDrag: 0.000000
Point: 713.000000 -19.000000
Point: -39.000000 762.000000
Point: -692.000000 -71.000000
Point: -263.000000 -646.000000
Point: 131.000000 -636.000000
