Center: 500 265
Mass: 0.000000
MofI: 0.000000
VDrag: 0.000000
WDrag: 0.000000
Point: 540.000000 -7.000000
Point: 475.000000 182.000000
Point: -390.000000 266.000000
Point: -504.000000 7.000000
Point: -476.000000 -182.000000
Point: -321.000000 -273.000000
Point: 462.000000 -207.000000
