Center: 294 157
Mass: 0.000000
MofI: 0.000000
VDrag: 0.000000
WDrag: 0.000000
Point: 310.000000 -23.000000
Point: 284.000000 101.000000
Point: -176.000000 155.000000
Point: -265.000000 104.000000
Point: -297.000000 2.000000
Point: -271.000000 -108.000000
Point: -177.000000 -152.000000
Point: 282.000000 -120.000000
