Center: 292 156
Mass: 0.000000
MofI: 0.000000
VDrag: 0.000000
WDrag: 0.000000
Point: 308.000000 -12.000000
Point: 288.000000 106.000000
Point: -225.000000 153.000000
Point: -298.000000 6.000000
Point: -267.000000 -134.000000
Point: -149.000000 -151.000000
Point: 279.000000 -119.000000
