Center: 19 8
Mass: 0.800000
MofI: 500.000000
VDrag: 5.000000
WDrag: 50.000000
Point: 9.200000 -0.800000
Point: 4.400000 6.800000
Point: -18.200000 4.200000
Point: -18.200000 -6.000000
Point: 4.800000 -8.000000
