Center: 258 845
Mass: 0.000000
MofI: 0.000000
VDrag: 0.000000
WDrag: 0.000000
Point: 259.000000 155.000000
Point: 119.000000 834.000000
Point: -106.000000 837.000000
Point: -234.000000 103.000000
Point: -95.000000 -381.000000
Point: 142.000000 -379.000000
