Center: 258 845
Mass: 0.000000
MofI: 0.000000
VDrag: 0.000000
WDrag: 0.000000
Point: 257.000000 59.000000
Point: 81.000000 819.000000
Point: -92.000000 796.000000
Point: -225.000000 81.000000
Point: -87.000000 -386.000000
Point: 132.000000 -380.000000
