Center: 64 74
Mass: 0.000000
MofI: 0.000000
VDrag: 0.000000
WDrag: 0.000000
Point: 64.750000 -71.780000
Point: 61.050000 10.360000
Point: 44.030000 73.630000
Point: -33.300000 65.490000
Point: -64.010000 17.760000
Point: -31.450000 -62.160000
