Center: 20 29
Mass: 0.000000
MofI: 0.000000
VDrag: 0.000000
WDrag: 0.000000
Point: 21.800000 25.400000
Point: 12.000000 32.600000
Point: -18.400000 6.600000
Point: -18.400000 -9.600000
Point: 10.000000 -30.000000
Point: 16.200000 -24.200000
