Center: 284 238
Mass: 0.000000
MofI: 0.000000
VDrag: 0.000000
WDrag: 0.000000
Point: 113.000000 -126.000000
Point: 82.000000 220.000000
Point: -206.000000 197.000000
Point: -280.000000 14.000000
Point: -275.000000 -141.000000
Point: -116.000000 -234.000000
