Center: 46 26
Mass: 0.000000
MofI: 0.000000
VDrag: 0.000000
WDrag: 0.000000
Point: 54.000000 7.500000
Point: 49.000000 21.500000
Point: 6.500000 19.750000
Point: -40.000000 6.000000
Point: -46.000000 -9.750000
Point: -21.000000 -23.500000
Point: 7.750000 -25.000000
Point: 40.000000 -2.500000
