Center: 226 162
Mass: 0.000000
MofI: 0.000000
VDrag: 0.000000
WDrag: 0.000000
Point: 231.000000 -95.000000
Point: 200.000000 137.000000
Point: 80.000000 171.000000
Point: -224.000000 -18.000000
Point: -217.000000 -106.000000
Point: -97.000000 -166.000000
Point: 189.000000 -140.000000
