Center: 16 14
Mass: 0.000000
MofI: 0.000000
VDrag: 0.000000
WDrag: 0.000000
Point: 17.000000 -4.200000
Point: 6.800000 7.400000
Point: -5.400000 14.200000
Point: -17.400000 -0.600000
Point: 0.800000 -15.400000
