Center: 16 15
Mass: 0.000000
MofI: 0.000000
VDrag: 0.000000
WDrag: 0.000000
Point: 16.800000 11.600000
Point: 5.200000 16.000000
Point: -15.400000 4.000000
Point: -14.000000 -11.200000
Point: -1.800000 -16.200000
Point: 14.600000 -11.000000
