Center: 268 246
Mass: 0.000000
MofI: 0.000000
VDrag: 0.000000
WDrag: 0.000000
Point: 268.000000 71.000000
Point: -91.000000 249.000000
Point: -280.000000 16.000000
Point: -15.000000 -250.000000
Point: 257.000000 -155.000000
