Center: 16 16
Mass: 0.000000
MofI: 0.000000
VDrag: 0.000000
WDrag: 0.000000
Point: 15.600000 -6.400000
Point: 11.000000 6.200000
Point: 0.200000 16.200000
Point: -9.400000 16.200000
Point: -16.400000 8.400000
Point: -16.200000 -4.800000
Point: -6.800000 -16.200000
Point: 10.200000 -15.800000
