Center: 42 13
Mass: 1.000000
MofI: 500.000000
VDrag: 5.000000
WDrag: 50.000000
Point: 16.200000 -0.200000
Point: 13.000000 9.200000
Point: -29.400000 6.800000
Point: -42.600000 2.400000
Point: -42.600000 -2.600000
Point: -29.400000 -7.800000
Point: 13.200000 -10.000000
