Center: 210 421
Mass: 0.000000
MofI: 0.000000
VDrag: 0.000000
WDrag: 0.000000
Point: 242.000000 361.000000
Point: -195.000000 398.000000
Point: -209.000000 2.000000
Point: -123.000000 -234.000000
Point: 33.000000 -426.000000
