Center: 296 266
Mass: 0.000000
MofI: 0.000000
VDrag: 0.000000
WDrag: 0.000000
Point: 317.000000 -164.000000
Point: 223.000000 246.000000
Point: -154.000000 243.000000
Point: -296.000000 13.000000
Point: -77.000000 -272.000000
