Center: 283 287
Mass: 0.000000
MofI: 0.000000
VDrag: 0.000000
WDrag: 0.000000
Point: 286.000000 59.000000
Point: 123.000000 279.000000
Point: -180.000000 267.000000
Point: -292.000000 -69.000000
Point: -106.000000 -295.000000
Point: 168.000000 -207.000000
