Center: 245 237
Mass: 0.000000
MofI: 0.000000
VDrag: 0.000000
WDrag: 0.000000
Point: 234.000000 107.000000
Point: -38.000000 248.000000
Point: -256.000000 48.000000
Point: -134.000000 -233.000000
Point: 209.000000 -170.000000
