Center: 242 361
Mass: 0.000000
MofI: 0.000000
VDrag: 0.000000
WDrag: 0.000000
Point: 248.000000 -350.000000
Point: 134.000000 328.000000
Point: -225.000000 332.000000
Point: -215.000000 -82.000000
Point: 32.000000 -363.000000
